1000

1582 3445
470 1289
1610 3264
1183 3154
1590 3106
1739 3112
612 2343
1596 3302
414 1149
131 1537
1436 1864
3 665
261 651
644 2261
913 1478
1620 3612
349 1264
839 2082
840 1810
431 2361
554 985
1256 2884
1429 3194
586 698
243 995
1025 2879
991 2598
1257 2545
496 1941
1938 2516
1103 1611
995 2974
233 1263
59 962
1728 1929
1187 1406
1245 1507
848 2661
192 207
1588 3257
1736 1835
1124 1727
141 1268
676 898
1435 2733
1758 3268
585 2462
113 809
679 844
1782 2770
279 1469
1790 3145
817 2759
1400 1650
1434 1838
751 1949
1568 2171
1279 1898
1308 2986
136 1045
1818 3516
571 605
996 2230
801 1459
426 1869
1995 3447
254 1796
1332 2946
716 1519
1187 2067
727 2398
1085 2395
1215 2668
1911 2727
814 1056
1625 3169
769 1241
1469 1781
484 557
23 164
1350 2636
47 314
1260 3079
1673 2256
913 1713
918 2353
1051 2314
723 956
761 1445
1535 3135
168 1374
571 1903
1029 2846
25 422
1485 2570
1815 3701
1920 3807
373 1972
1395 1485
945 1627
1813 3479
1156 1331
1322 1527
230 1130
1347 1521
1260 2569
734 940
274 597
1929 3874
1811 2503
1682 3189
613 2573
1386 2095
1458 3245
1977 2449
720 1211
1403 2328
1858 2274
183 845
1512 1915
912 2868
1314 2686
1236 3058
802 1134
1474 2701
926 1105
456 1333
1668 2995
539 853
1849 1868
352 1480
1498 2617
1255 2811
1828 2037
791 2214
734 1910
1412 2985
1300 2373
1005 2888
399 895
290 1878
1951 3596
387 500
1210 1730
372 1591
703 1753
1021 2715
1619 3389
1293 1929
269 309
1566 2104
941 1862
1219 1622
838 2454
1710 3685
1837 3395
687 2135
1273 1358
599 2184
522 1889
603 2047
1383 2348
1091 2657
1791 3326
1297 1977
737 1129
1103 2044
103 577
866 2117
1581 3034
827 1395
688 2303
636 903
1585 1810
1640 2731
1048 2518
226 946
294 1391
1911 3747
691 1557
472 918
1077 1577
1424 3243
514 688
1268 1357
1965 2281
648 1689
1708 3597
974 2558
474 2157
1017 1619
248 587
1216 2028
655 711
1870 3275
1233 2728
1621 2740
1629 2606
1251 2443
1489 2042
829 2373
1929 3497
681 1711
453 644
248 963
537 1562
623 938
719 2153
246 625
679 1886
1833 2796
1214 2545
1757 3279
1660 3168
1277 2581
599 2343
1138 2839
1429 3412
65 1932
1343 1405
1710 2544
1458 2911
1646 2774
991 1093
1114 1772
929 2715
591 2099
1678 3480
1539 2220
775 2710
1106 2450
442 944
486 665
327 2146
69 810
1199 2800
1252 2123
1272 1716
1241 3071
77 456
1519 1556
322 1079
1043 2246
1542 2901
443 804
1137 2632
1125 2215
1116 1308
445 2340
1248 1466
25 1791
999 2852
207 957
991 2145
582 1888
1341 2427
777 929
590 1018
1800 2796
1704 2654
1353 1502
79 447
764 2304
1651 1796
1452 3409
1591 3077
640 1140
860 1521
242 815
1372 3007
1607 3054
579 1365
141 1259
344 1387
371 2142
713 2013
1937 3012
1524 2434
1433 3298
1490 1823
37 533
141 953
272 1858
899 1424
1729 1895
915 1798
1025 2466
1667 2415
510 2201
1588 3073
1512 3413
1918 3258
392 1596
37 1241
689 2278
813 822
702 2395
489 898
1755 3134
14 1256
1264 2925
471 1180
88 852
66 1313
992 1205
1367 3031
810 2310
1929 2251
433 1376
501 2445
839 1587
1975 1983
859 1227
108 1651
902 2372
1491 3442
884 1324
988 2363
1487 2443
354 2097
1319 2741
453 1812
1791 2061
351 1562
1841 2743
1609 3350
1121 2500
1894 2917
1118 1435
477 1831
1317 2489
1828 3557
1504 3065
1959 3002
620 850
1512 1561
888 2707
689 2622
249 639
1397 3263
1306 1832
740 746
1617 2845
29 1918
1709 2260
622 662
1707 1813
1318 1497
520 1324
540 1075
561 1293
825 2081
1878 2421
1856 3183
701 2405
301 1921
594 1068
1003 2915
1100 2249
1776 2674
1531 3405
995 1927
1630 2899
1742 1959
689 943
1854 3515
931 2871
1399 1760
885 2628
5 270
1471 3431
1981 1993
428 2059
850 2474
1206 2623
755 1066
749 2353
785 2195
1376 1448
1103 1367
1294 2377
546 1053
598 1895
1848 2495
1930 2041
852 1187
1650 2988
1191 1742
1677 2846
1724 2388
1346 2022
1802 1805
149 1124
492 625
1350 1933
1004 1631
1763 2050
107 638
733 1716
1230 1812
1144 1866
51 1577
123 1102
1169 1336
1336 2348
1821 2266
198 1064
1913 3876
1321 2833
1351 1626
67 505
1787 2266
980 2897
1102 1240
653 1991
975 1578
1315 2192
867 2722
1278 1779
590 1473
1217 2204
1882 2869
164 1531
836 1462
1725 2639
1430 1444
1165 2006
174 1069
1414 2032
110 1714
714 2425
781 838
1167 2467
1099 2396
1839 3125
1249 1454
604 1110
855 2061
641 1881
1727 2971
339 1893
1998 3625
1030 2378
683 2354
572 1878
1328 2149
1992 2304
1486 2099
609 1355
221 1420
1922 3147
304 761
1982 3029
775 2297
1089 2360
286 1900
1857 1981
787 1554
979 2719
1781 3041
1514 2314
535 2231
1259 2054
740 2694
1196 2112
1885 2826
1674 3020
1102 2537
1658 2814
1982 2945
1255 2321
421 496
986 2429
1528 3172
408 619
1455 2288
1877 2886
1368 2851
1206 3041
949 1946
676 986
176 622
972 2290
1166 2438
1940 2681
1553 2269
616 1020
40 560
1282 1982
1106 3033
1656 2775
1999 3114
528 832
1255 2960
1262 2106
483 1875
1806 3121
1225 1969
1516 2819
1606 1769
320 544
308 2247
1912 2145
1611 3043
814 1721
1668 3320
1033 1372
792 2485
271 481
1415 1668
599 2473
1988 2190
428 1148
349 2042
1278 2441
601 794
915 2250
1738 2692
843 2072
18 434
705 1268
1890 3160
1789 1968
542 825
1478 2353
764 1369
1733 2902
891 1151
1589 3398
1008 2162
294 1946
1499 1632
688 878
920 1743
325 778
1314 2645
1679 1736
1090 1621
1241 1853
1397 1855
1178 3033
587 2214
75 873
1020 1328
202 2195
581 2032
215 479
992 1092
1916 3447
1825 2365
1849 2604
1581 2386
1965 3421
950 1092
561 1449
401 446
1774 1807
168 1012
1023 2954
298 408
1873 2734
448 1964
1798 1920
1308 2973
1209 2457
1194 2392
1996 2041
1048 2290
718 924
1394 2956
1416 1469
358 1647
758 2428
1430 3034
995 1553
491 2288
396 2269
1110 3071
615 725
19 1251
781 1438
1399 3048
866 1464
200 1872
934 1979
1723 3656
691 2065
967 2040
1111 2360
537 1056
1308 1446
82 1231
226 698
555 2513
830 999
1737 2607
1083 1439
1290 1955
1791 2369
1487 1631
345 2290
244 429
1462 2429
202 1012
803 2538
614 1295
349 1856
1795 2782
1972 3467
146 1081
718 1723
1554 3368
1224 1283
378 1572
1542 2443
98 1962
1212 1835
578 2405
181 1929
1954 2808
768 1692
17 367
700 2553
1842 3156
408 2345
800 2512
844 2284
1426 2743
518 1248
873 2209
1357 2720
1382 1545
1522 3421
584 2311
1876 2157
36 1088
546 1637
1965 2183
1035 2088
387 1258
1969 3101
1640 3276
1276 2033
1821 1987
1003 2753
1659 3554
1990 2807
749 2067
959 1760
1131 1292
1318 3104
1634 2976
1931 3725
1951 2816
1439 2164
1162 2246
643 2108
1167 2456
1570 2258
567 1284
603 622
485 2431
518 1255
925 2433
167 1035
543 1644
448 2012
1585 2785
193 859
986 1888
1499 2854
1115 2547
1475 1506
1144 3129
978 1847
116 435
1496 3485
779 1042
1760 2473
984 2250
303 1688
1367 3006
358 1528
1637 2427
568 1946
979 1938
997 2071
506 1943
1396 1748
648 1754
831 887
24 199
1736 3591
448 1216
282 1606
1316 2791
250 413
1528 3419
1404 2299
50 55
450 1918
1358 2300
1247 1405
1627 1930
970 1307
1058 1744
1614 2188
1847 2633
286 2036
1784 2098
1126 2900
1667 2302
1996 3476
1669 3242
358 1344
316 1772
1221 1729
525 2133
926 1169
674 1748
522 1648
1115 2005
1987 3564
1829 2416
31 1997
57 1251
1945 2029
1243 2906
730 2659
658 1234
391 1099
679 1443
1876 3212
1047 2696
1606 3212
1411 3022
822 1224
311 353
1202 1345
375 1429
1021 1143
1668 2934
1287 1911
1278 1712
167 772
932 1150
916 2118
424 516
1123 2485
1774 2620
955 1412
706 1968
516 1117
936 2826
286 2161
1887 3007
158 413
1951 3478
1331 3195
274 1083
1527 3069
223 2132
1681 1754
849 1590
1047 1301
518 1735
464 1714
1379 3136
1752 2281
1893 2507
861 1846
1874 2166
1126 2790
1118 1243
1955 3169
522 1441
1279 2600
662 1853
946 2589
1239 1761
1699 1749
1684 3442
251 1007
218 2153
1844 2288
1728 3722
1073 2614
1237 1380
1335 2313
1492 1884
73 993
106 1226
1233 2746
1806 2656
42 1816
351 1838
1627 3259
1724 3495
158 609
1548 1633
206 2077
141 1998
1054 2298
58 1614
71 1344
774 2337
1962 2883
1973 3886
1411 2174
1258 1589
238 1523
187 852
1555 2143
1089 2268
1341 1664
1835 2080
361 2166
850 2723
1722 3386
934 1758
1641 3346
1064 1764
1321 2910
1889 2470
905 972
1807 3573
114 294
1408 1739
352 844
599 873
1326 1366
1628 2223
1706 3589
1616 1868
519 1534
510 1884
1025 2038
860 1786
556 1405
865 1609
1157 1306
1345 2936
1002 1705
1731 2317
1925 2535
1235 1798
1315 2505
996 1605
467 1120
1517 2741
1323 2351
788 2670
180 901
1753 2637
853 1780
9 1584
1005 1873
1635 3237
1050 2725
438 959
1334 1560
713 1517
33 451
1589 3563
1226 1680
205 1732
1047 2466
878 1007
949 1160
1505 1893
1129 1342
1965 3059
1668 2152
473 547
1365 1967
1759 2155
664 1818
1004 2915
1692 3195
564 1991
707 1999
291 321
434 898
1470 1540
1224 2229
1944 3928
1660 1682
417 2025
1967 3626
1272 1469
1472 2178
1184 1832
1870 3426
1937 2514
152 1081
774 2020
1184 2720
1716 3269
463 1510
90 1559
1362 2422
899 2336
449 1511
1128 2825
1728 3275
1683 3081
975 2709
767 1135
1276 1832
1035 1393
728 2068
461 2360
1687 2496
1955 2343
241 1174
20 415
1846 2465
1878 2341
526 1575
696 1390
365 1349
1535 2575
1590 1744
1711 2216
1863 2374
1439 2553
1250 1382
287 1915
1291 2036
1621 2720
173 329
1426 2293
968 2207
1908 2062
213 696
4 1486
922 1394
624 937
1384 1578
1715 3193
1441 1506
768 1745
296 1397
798 1366
1265 2741
1069 1607
839 1833
135 209
1292 1800
657 1075
443 1556
224 945
601 1846
57 1708
1978 2477
657 2396
864 2790
1715 2386
94 858
1936 3824
1659 3179
768 2261
915 1853
1446 1593
247 1940
882 2045
1043 2656
1521 3505
1936 3083
399 530
1824 3455
684 2265
1751 2712
283 883
954 2574
279 1649
991 2014
545 817
564 1276
901 1592
1387 2938
635 1204
1715 2136
1705 3315
194 730
1829 2338
1870 3178
1463 2998
619 2098
701 2397
1886 3254
1737 3635
1537 2086
597 1555
943 1536
1239 2516
1903 2981
559 702
221 1425
301 2017
